( Neuron and CellByClass ) SubClassOf: LeafCell, \nTrue